get something to eat
assets/simplified_objects/014.urdf 6.009514750732628530e-01 -8.392749428097054376e-02 2.000000000000000111e-01 1.127004811451755462e+00 5.263605512464168967e+00 1.895245992852115924e+00
assets/simplified_objects/037.urdf 3.827726756749265657e-01 -5.218538053633062224e-02 2.000000000000000111e-01 4.107931526743328732e+00 2.776949121111628838e+00 1.040845526896897050e-01
assets/simplified_objects/039.urdf 4.528960110917288340e-01 -4.761662810428371473e-02 2.000000000000000111e-01 5.969569072041930546e+00 9.138478386417133725e-01 2.264016119101776692e+00
assets/simplified_objects/008.urdf 3.920565396909088118e-01 3.849253624290854825e-02 2.000000000000000111e-01 3.392265924952685197e+00 4.184171768070537922e+00 5.446294146178550122e+00
assets/simplified_objects/002.urdf 5.464901950715083112e-01 -1.169874266296398735e-02 2.000000000000000111e-01 4.607845387466846354e+00 8.121367009722295638e-01 5.323778638932600060e+00
assets/simplified_objects/036.urdf 4.859477956641422569e-01 9.261827231399441529e-02 2.000000000000000111e-01 3.182506474577868616e+00 1.301859183013800214e+00 4.222351850487569003e+00
assets/simplified_objects/077.urdf 3.917998810779335095e-01 7.480459569206038273e-03 2.000000000000000111e-01 5.636999218547186885e+00 9.957293534222342313e-01 2.520407706299490513e+00
assets/simplified_objects/058.urdf 4.858057363538376139e-01 1.114664331731682612e-01 2.000000000000000111e-01 5.925473992781624233e+00 5.966168381178968971e+00 2.431566485107264253e+00
assets/simplified_objects/078.urdf 5.614826762777127556e-01 1.214008336939342292e-01 2.000000000000000111e-01 3.601028134918052181e+00 2.231246478514944398e-01 8.670371927134269407e-01
assets/simplified_objects/076.urdf 5.730410325207377920e-01 -6.232711435647295128e-02 2.000000000000000111e-01 3.627905630103253287e+00 2.224402983789238952e+00 1.003144004164469028e+00
assets/simplified_objects/084.urdf 5.960074846016956140e-01 -8.227506373939957873e-02 2.000000000000000111e-01 3.569276589354982931e+00 1.398383225164859800e+00 5.787397344027715995e+00
assets/simplified_objects/060.urdf 4.881102752191962546e-01 -4.319291317284562615e-02 2.000000000000000111e-01 4.628961817540183432e+00 2.571343901421374145e+00 6.256620501824324165e+00
assets/simplified_objects/052.urdf 5.367392313871527376e-01 3.601964102334961892e-02 2.000000000000000111e-01 5.467245797125986906e-01 4.764719846019218608e+00 3.892917774909535611e-01
assets/simplified_objects/057.urdf 5.620303169317436565e-01 1.081748717517058422e-01 2.000000000000000111e-01 4.108834564951759916e+00 5.508517929571270955e+00 2.539303620053650956e+00
